

'2018/Months   |   12  |   11  |   10  |   09  |   08  |   07  |   06  |   05  |   04  |   03  |   02  |   01  |
'Actualno',	   |    0  |   0   |    0  |   0   |    0  |   *   |    0  |   0   |    0  |   0   |   0   |   0   |
'BNews',       |    0  |   0   |    0  |   0   |    0  |   *   |    0  |   0   |    0  |   0   |   0   |   0   |
'BgOnAir',     |    0  |   0   |    0  |   0   |    0  |   *   |    0  |   X   |    0  |   0   |   0   |   0   |
'Cross',       |    0  |   0   |    0  |   0   |    0  |   *   |    0  |   0   |    X  |   0   |   0   |   0   |
'Dnevnik',     |    0  |   0   |    0  |   0   |    0  |   *   |    0  |   0   |    0  |   X   |   0   |   0   |
'Focus',       |    0  |   0   |    0  |   0   |    0  |   *   |    0  |   0   |    0  |   0   |   0   |   0   |
'Monitor',     |    0  |   0   |    0  |   0   |    0  |   *   |    0  |   0   |    0  |   0   |   0   |   0   |
'News',        |    0  |   0   |    0  |   0   |    0  |   *   |    0  |   0   |    0  |   0   |   0   |   0   |
'Novinite',    |    0  |   0   |    0  |   0   |    0  |   *   |    0  |   0   |    0  |   0   |   0   |   0   |
'OffNews', 	   |    0  |   0   |    0  |   0   |    0  |   *   |    0  |   0   |    0  |   0   |   0   |   0   |
'PIK',         |    0  |   0   |    0  |   0   |    0  |   *   |    0  |   0   |    0  |   0   |   0   |   0   |
'24chasa', 	   |    0  |   0   |    0  |   0   |    0  |   *   |    0  |   0   |    0  |   0   |   0   |   0   |
'Blitz', 	   |    0  |   0   |    0  |   0   |    0  |   *   |    0  |   0   |    0  |   0   |   0   |   0   |
'Classa',      |    0  |   0   |    0  |   0   |    0  |   *   |    0  |   0   |    0  |   0   |   0   |   0   |
'ClubZ', 	   |    0  |   0   |    0  |   0   |    0  |   *   |    0  |   0   |    0  |   0   |   0   |   0   |
'Dnes', 	   |    0  |   0   |    0  |   0   |    0  |   *   |    0  |   0   |    0  |   0   |   0   |   0   |
'Duma', 	   |    0  |   0   |    0  |   0   |    0  |   *   |    0  |   0   |    0  |   0   |   0   |   0   |
'Epicenter',   |    0  |   0   |    0  |   0   |    0  |   *   |    0  |   0   |    0  |   0   |   x   |   x   |
'Faktor', 	   |    0  |   0   |    0  |   0   |    0  |   *   |    0  |   0   |    x  |   0   |   0   |   0   |
'Mediapool',   |    0  |   0   |    0  |   0   |    0  |   *   |    0  |   0   |    0  |   0   |   0   |   0   |
'StandartNews',|    0  |   0   |    0  |   0   |    0  |   *   |    0  |   0   |    0  |   0   |   x   |   0   |
'Trud'	       |    0  |   0   |    0  |   0   |    0  |   *   |    x  |   x   |    x  |   x   |   x   |   x   |






'2017/Months   |   12  |   11  |   10  |   09  |   08  |   07  |   06  |   05  |   04  |   03  |
'Actualno',	   |    =  |   =   |    =  |   =   |    =  |   =   |    =  |   =   |    =  |   =   |
'BNews',       |    =  |   =   |    =  |   =   |    =  |   =   |    =  |   =   |    =  |   =   |
'BgOnAir',     |    =  |   =   |    =  |   =   |    =  |   =   |    =  |   =   |    =  |   =   |
'Cross',       |    =  |   =   |    =  |   =   |    =  |   =   |    =  |   =   |    =  |   =   |
'Dnevnik',     |    x  |   x   |    x  |   x   |    x  |   x   |    x  |   x   |    0  |   0   |
'Focus',       |    0  |   0   |    0  |   0   |    0  |   0   |    0  |   0   |    0  |   0   |
'Monitor',     |    0  |   0   |    0  |   0   |    0  |   0   |    0  |   0   |    0  |   0   |
'News',        |    0  |   0   |    0  |   0   |    0  |   0   |    0  |   0   |    0  |   0   |
'Novinite',    |    0  |   0   |    0  |   0   |    0  |   0   |    0  |   0   |    0  |   0   |
'OffNews', 	   |    0  |   0   |    0  |   0   |    0  |   0   |    0  |   0   |    0  |   0   |
'PIK',         |    0  |   0   |    0  |   0   |    0  |   x   |    0  |   x   |    0  |   0   |
'24chasa', 	   |    0  |   0   |    0  |   0   |    0  |   0   |    0  |   0   |    0  |   0   |
'Blitz', 	   |    0  |   0   |    0  |   0   |    0  |   0   |    0  |   0   |    0  |   0   |
'Classa',      |    0  |   0   |    0  |   0   |    0  |   0   |    0  |   0   |    0  |   0   |
'ClubZ', 	   |    0  |   0   |    0  |   0   |    0  |   0   |    0  |   0   |    0  |   0   |
'Dnes', 	   |    0  |   0   |    0  |   0   |    0  |   0   |    0  |   0   |    0  |   0   |
'Duma', 	   |    0  |   0   |    0  |   0   |    0  |   0   |    0  |   0   |    0  |   0   |
'Epicenter',   |    0  |   0   |    0  |   0   |    0  |   0   |    0  |   0   |    0  |   0   |
'Faktor', 	   |    0  |   0   |    0  |   0   |    0  |   0   |    0  |   0   |    0  |   0   |
'Mediapool',   |    0  |   0   |    0  |   0   |    0  |   0   |    0  |   0   |    0  |   0   |
'StandartNews',|    0  |   0   |    0  |   0   |    0  |   0   |    0  |   0   |    0  |   0   |
'Trud'	       |    0  |   0   |    0  |   0   |    0  |   0   |    0  |   0   |    0  |   0   |





'Months     |    0  |   0   |    0  |   0   |    0  |   0   |    0  |   0   |    0  |   0   |
