-- MONTHLY REPORT --  Year: 2018 Month: 1 ( Reported at: 2018-01-21 19:53 )
 ---------- ---------- ---------- ---------- ---------- ---------- ---------- ---------- ---------- ---------- ---------- ---------- ---------- ---------- ---------- ---------- ---------- ---------- ---------- ---------- ---------- ---------- 
|  Date\Src|   24chasa|  Actualno|   BgOnAir|     Blitz|     Bnews|    Classa|     ClubZ|     Cross|      Dnes|   Dnevnik|      Duma| Epicenter|    Faktor|     Focus| Mediapool|   Monitor|      News|  Novinite|   OffNews|       PIK|      Trud|
 ---------- ---------- ---------- ---------- ---------- ---------- ---------- ---------- ---------- ---------- ---------- ---------- ---------- ---------- ---------- ---------- ---------- ---------- ---------- ---------- ---------- ---------- 
|2018-01-01|        81|         0|         0|         0|         0|        20|        20|         0|        54|        49|         0|        47|        20|       270|        19|        49|        50|         0|        39|       130|        30|
|2018-01-02|       112|         0|         0|         0|         0|        32|        33|         0|       102|        79|         0|        60|        35|       341|        51|        73|        88|         0|        51|       190|        70|
|2018-01-03|       112|       107|         0|         0|         0|        32|        47|        76|        86|        88|        60|        71|        49|       337|        48|        69|       115|        63|        68|       187|        66|
|2018-01-04|       110|       119|         0|         0|         0|        30|        52|         0|       107|        95|        62|        82|        47|       377|        52|        71|       106|        37|        50|       211|        71|
|2018-01-05|       112|       100|         0|        54|        61|        28|        37|        78|       100|        91|        63|        75|        48|       354|        55|        69|       100|        35|        54|       233|        71|
|2018-01-06|        83|        66|         0|        29|        36|        31|        15|        62|        56|        59|         0|        42|        16|       283|        22|        27|        38|        19|        33|       154|        71|
|2018-01-07|        86|        38|         0|        30|        42|        35|        26|        47|        57|        55|         0|        49|        17|       222|        18|        46|        43|        17|        26|       157|        31|
|2018-01-08|       112|       101|        34|        32|        65|        32|        37|        80|        99|        97|        44|        64|        48|       356|        50|        59|        95|        44|        59|       222|        71|
|2018-01-09|       111|       123|        30|        32|        63|        35|        35|        85|       104|        99|        43|        80|        55|       364|        61|        65|       109|        26|        65|       204|        70|
|2018-01-10|       112|       119|        32|        32|        61|        44|        47|        85|       117|       101|        63|        74|        48|       427|        62|        77|       108|        24|        66|       213|        70|
|2018-01-11|       112|       134|        37|        32|        63|        37|        43|       103|       121|       109|         0|       102|        56|       388|        51|        91|       107|        39|        69|       206|        71|
|2018-01-12|       111|       122|        44|        31|        64|        32|        37|        88|        96|        97|        38|        75|        60|       415|        48|        67|        94|        34|        61|       202|        35|
|2018-01-13|        88|        46|        18|        31|        37|        41|        26|        35|        57|        55|         0|        49|        30|       237|        21|        28|        44|        27|        35|       152|        70|
|2018-01-14|        72|        43|        17|        30|        35|        59|        28|        44|        56|        51|         0|        47|        25|       274|        15|        62|        37|        30|        34|       168|        36|
|2018-01-15|       112|       130|        41|        32|        66|        50|        38|        69|       106|       109|         0|        50|        55|       481|        51|        96|        94|        31|        63|       211|        70|
|2018-01-16|       112|       123|        38|        32|        64|        58|        49|        74|       105|        97|         0|        76|        54|       400|        44|        75|       105|        54|        64|       191|        36|
|2018-01-17|       112|       115|        42|        32|        61|        44|        51|        87|       108|       102|         0|        84|        53|       457|        57|        96|        98|        66|        65|       209|        71|
|2018-01-18|       112|       113|        39|        32|        65|        39|        50|        98|         4|       122|         0|        78|        46|       499|        43|        68|       112|        64|        66|       195|         0|
|2018-01-19|       111|         0|         0|        24|         0|        34|        43|         0|       104|         0|        48|        46|        43|         0|        52|         0|         0|         0|         0|         0|        72|
|2018-01-20|        67|        45|        16|        28|        34|        35|        21|        61|        52|        58|       112|        48|        21|       223|        21|        17|        50|        14|        29|       131|        40|
|2018-01-21|         0|         0|         0|         0|         0|         0|         0|         0|         0|         0|         0|         0|         0|         0|         0|         0|         0|         0|         0|         0|         0|
|2018-01-22|         0|         0|         0|         0|         0|         0|         0|         0|         0|         0|         0|         0|         0|         0|         0|         0|         0|         0|         0|         0|         0|
|2018-01-23|         0|         0|         0|         0|         0|         0|         0|         0|         0|         0|         0|         0|         0|         0|         0|         0|         0|         0|         0|         0|         0|
|2018-01-24|         0|         0|         0|         0|         0|         0|         0|         0|         0|         0|         0|         0|         0|         0|         0|         0|         0|         0|         0|         0|         0|
|2018-01-25|         0|         0|         0|         0|         0|         0|         0|         0|         0|         0|         0|         0|         0|         0|         0|         0|         0|         0|         0|         0|         0|
|2018-01-26|         0|         0|         0|         0|         0|         0|         0|         0|         0|         0|         0|         0|         0|         0|         0|         0|         0|         0|         0|         0|         0|
|2018-01-27|         0|         0|         0|         0|         0|         0|         0|         0|         0|         0|         0|         0|         0|         0|         0|         0|         0|         0|         0|         0|         0|
|2018-01-28|         0|         0|         0|         0|         0|         0|         0|         0|         0|         0|         0|         0|         0|         0|         0|         0|         0|         0|         0|         0|         0|
|2018-01-29|         0|         0|         0|         0|         0|         0|         0|         0|         0|         0|         0|         0|         0|         0|         0|         0|         0|         0|         0|         0|         0|
|2018-01-30|         0|         0|         0|         0|         0|         0|         0|         0|         0|         0|         0|         0|         0|         0|         0|         0|         0|         0|         0|         0|         0|
|2018-01-31|         0|         0|         0|         0|         0|         0|         0|         0|         0|         0|         0|         0|         0|         0|         0|         0|         0|         0|         0|         0|         0|
 ---------- ---------- ---------- ---------- ---------- ---------- ---------- ---------- ---------- ---------- ---------- ---------- ---------- ---------- ---------- ---------- ---------- ---------- ---------- ---------- ---------- ---------- 
|  Total   |      2040|      1644|       388|       513|       817|       748|       735|      1172|      1691|      1613|       533|      1299|       826|      6705|       841|      1205|      1593|       624|       997|      3566|      1122|
 ---------- ---------- ---------- ---------- ---------- ---------- ---------- ---------- ---------- ---------- ---------- ---------- ---------- ---------- ---------- ---------- ---------- ---------- ---------- ---------- ---------- ---------- 
 TOTAL articles : 30672
 ---------- ---------- ---------- ---------- ---------- ---------- ---------- ---------- ---------- ---------- ---------- ---------- ---------- ---------- ---------- ---------- ---------- ---------- ---------- ---------- ---------- ---------- 
